0 0
1 11
2 31
3 4
4 23
5 13
6 2
7 8
8 1
9 29
10 2
11 12
12 14
13 4
14 12
15 2
16 8
17 1
18 1
19 1
20 1
21 1
22 1
23 1
24 241
25 31
26 28
27 54
28 16
29 9
30 12
31 8
32 4
33 1
34 3
35 3
36 6
37 14
38 12
39 12
40 1
41 2
42 3
43 6
44 1
45 1
46 6
47 12
48 7
49 9
50 12
51 13
52 5
53 4
54 1
55 7
56 3
57 2
58 13
59 1
60 1
61 2
62 2
63 1
64 1
65 1
66 30
67 36
68 16
69 8
70 2
71 1
72 7
73 6
74 3
75 9
76 1
77 2
78 1
79 12
80 1
81 4
82 1
83 1
84 25
85 1
86 22
87 12
88 8
89 4
90 1
91 20
92 29
93 10
94 5
95 12
96 5
97 4
98 3
99 1
100 2
101 13
102 1
103 1
104 155
105 13
106 43
107 5
108 6
109 2
110 2
111 1
112 7
113 2
114 1
115 1
116 1
117 1
118 3
119 2
120 1
121 3
122 2
123 17
124 7
125 15
126 5
127 12
128 22
129 1
130 3
131 3
132 1
133 3
134 12
135 1
136 24
137 24
138 5
139 8
140 1
141 2
142 1
143 2
144 48
145 25
146 32
147 140
148 7
149 13
150 1
151 12
152 6
153 36
154 7
155 1
156 10
157 15
158 12
159 11
160 5
161 2
162 3
163 3
164 10
165 4
166 8
167 10
168 1
169 4
170 2
171 1
172 3
173 1
174 2
175 1
176 2
177 1
178 1
179 1
180 1
